1,0000001626.jpg,10002,0.99735767,183,979,724,1531
2,0000001626.jpg,10002,0.99801576,549,2652,1232,3299
3,0000001626.jpg,10002,0.9988881,1107,835,1870,1624
4,0000001626.jpg,10002,0.99815685,2264,863,2961,1584
5,0000001626.jpg,10002,0.99796176,2377,2670,3065,3262
6,0000001626.jpg,10002,0.9967204,3348,1047,3845,1550
7,0000001626.jpg,10002,0.99821776,3382,2651,4049,3260
8,0000001626.jpg,10002,0.9981552,4113,1029,4830,1748
9,0000001626.jpg,10002,0.99738985,4201,2651,4914,3237
10,0000001626.jpg,10002,0.99740535,1571,2728,2211,3341
11,0000001581.jpg,10002,0.998059,514,649,1075,1235
12,0000001581.jpg,10002,0.9976926,687,2479,1203,3002
13,0000001581.jpg,10002,0.9983664,1243,643,2053,1484
14,0000001581.jpg,10002,0.99855024,1709,2337,2473,3096
15,0000001581.jpg,10002,0.9967024,2380,613,2967,1232
16,0000001581.jpg,10002,0.9979686,2975,2505,3739,3145
17,0000001581.jpg,10002,0.99785244,3308,724,3896,1313
18,0000001581.jpg,10002,0.9983047,3832,2367,4432,2967
19,0000001581.jpg,10002,0.9984334,4108,584,4979,1484
20,0000001541.jpg,10002,0.9990669,510,1156,1482,2082
21,0000001541.jpg,10002,0.9982115,1934,1259,2555,1832
22,0000001541.jpg,10002,0.9972783,3083,1262,3727,1838
23,0000001592.jpg,10002,0.99741083,115,1040,682,1592
24,0000001592.jpg,10002,0.9975115,1044,1018,1596,1562
25,0000001592.jpg,10002,0.9983516,1351,2522,2092,3290
26,0000001592.jpg,10002,0.9970982,1877,1067,2410,1631
27,0000001592.jpg,10002,0.99813074,2778,1090,3309,1621
28,0000001592.jpg,10002,0.9973007,3461,2547,3974,3078
29,0000001592.jpg,10002,0.997547,3548,1040,4294,1822
30,0000001592.jpg,10002,0.9992175,4433,2507,5168,3258
31,0000001592.jpg,10002,0.99879575,4450,1040,5161,1827
32,0000001592.jpg,10002,0.9987847,240,2649,1022,3453
33,0000001592.jpg,10002,0.998572,2235,2616,2991,3402
34,0000001630.jpg,10002,0.9956416,87,1029,624,1570
35,0000001630.jpg,10002,0.9975405,1017,1013,1542,1551
36,0000001630.jpg,10002,0.99826354,1309,2531,2021,3283
37,0000001630.jpg,10002,0.9973242,1843,1071,2365,1626
38,0000001630.jpg,10002,0.99747247,2743,1093,3247,1629
39,0000001630.jpg,10002,0.9956863,3408,2558,3914,3089
40,0000001630.jpg,10002,0.9974547,3498,1049,4218,1831
41,0000001630.jpg,10002,0.9988827,4382,2529,5059,3253
42,0000001630.jpg,10002,0.9981767,4388,1060,5100,1850
43,0000001630.jpg,10002,0.99833775,184,2635,975,3451
44,0000001630.jpg,10002,0.9986525,2169,2619,2952,3395
45,0000001554.jpg,10002,0.997948,189,947,716,1488
46,0000001554.jpg,10002,0.99815744,553,2634,1258,3253
47,0000001554.jpg,10002,0.99868125,1110,802,1874,1589
48,0000001554.jpg,10002,0.9984359,2270,828,2974,1552
49,0000001554.jpg,10002,0.99757165,2379,2645,3071,3232
50,0000001554.jpg,10002,0.9972307,3354,1016,3840,1508
51,0000001554.jpg,10002,0.9978802,3391,2625,4052,3227
52,0000001554.jpg,10002,0.99799913,4126,973,4845,1715
53,0000001554.jpg,10002,0.9981817,4215,2608,4924,3213
54,0000001554.jpg,10002,0.99729294,1552,2684,2228,3301
55,0000001615.jpg,10002,0.99825305,467,615,1026,1193
56,0000001615.jpg,10002,0.99767727,640,2437,1170,2979
57,0000001615.jpg,10002,0.99819297,1201,591,2007,1449
58,0000001615.jpg,10002,0.99877995,1663,2294,2464,3073
59,0000001615.jpg,10002,0.99798226,2336,585,2905,1184
60,0000001615.jpg,10002,0.99716395,2938,2463,3703,3104
61,0000001615.jpg,10002,0.9979735,3258,671,3868,1274
62,0000001615.jpg,10002,0.99799097,3793,2309,4400,2915
63,0000001615.jpg,10002,0.998565,4050,529,4939,1441
64,0000001556.jpg,10002,0.9484856,109,842,463,1202
65,0000001556.jpg,10002,0.9913061,454,811,940,1289
66,0000001556.jpg,10002,0.9882614,1102,812,1451,1163
67,0000001556.jpg,10002,0.9932327,1677,878,2021,1212
68,0000001556.jpg,10002,0.9856894,2150,864,2636,1369
69,0000001556.jpg,10002,0.98593974,2714,781,3169,1278
70,0000001556.jpg,10002,0.98902017,3275,769,3668,1172
71,0000001556.jpg,10002,0.9913886,4049,817,4413,1189
72,0000001556.jpg,10002,0.9971111,4575,869,5104,1420
73,0000001556.jpg,10002,0.9916664,288,1773,596,2074
74,0000001556.jpg,10002,0.9927275,766,1751,1225,2251
75,0000001556.jpg,10002,0.99507785,1395,1834,1866,2331
76,0000001556.jpg,10002,0.98551416,2108,1745,2448,2069
77,0000001556.jpg,10002,0.9874013,2650,1807,3025,2164
78,0000001556.jpg,10002,0.9960478,3165,1869,3677,2356
79,0000001556.jpg,10002,0.9949785,3863,1876,4424,2366
80,0000001556.jpg,10002,0.99711764,4603,1871,5140,2385
81,0000001556.jpg,10002,0.9969637,323,2736,796,3205
82,0000001556.jpg,10002,0.9729232,875,2771,1310,3244
83,0000001556.jpg,10002,0.98895746,1475,2769,1927,3230
84,0000001556.jpg,10002,0.99472296,2067,2827,2524,3299
85,0000001556.jpg,10002,0.99153125,2633,2857,3089,3334
86,0000001556.jpg,10002,0.98848814,3265,2849,3748,3341
87,0000001556.jpg,10002,0.9955585,3920,2872,4272,3190
88,0000001556.jpg,10002,0.9973864,4503,2902,5054,3371
89,0000001560.jpg,10002,0.98084223,113,800,402,1164
90,0000001560.jpg,10002,0.99403054,448,760,945,1257
91,0000001560.jpg,10002,0.9917706,1112,777,1444,1120
92,0000001560.jpg,10002,0.9870303,1685,841,2023,1195
93,0000001560.jpg,10002,0.9777625,2148,856,2656,1341
94,0000001560.jpg,10002,0.9819402,2713,750,3183,1252
95,0000001560.jpg,10002,0.9885874,3282,767,3678,1137
96,0000001560.jpg,10002,0.9929762,4059,791,4426,1164
97,0000001560.jpg,10002,0.99703443,4585,861,5122,1394
98,0000001560.jpg,10002,0.9924562,285,1731,596,2045
99,0000001560.jpg,10002,0.9963825,312,2710,782,3175
100,0000001560.jpg,10002,0.99538344,766,1728,1219,2210
101,0000001560.jpg,10002,0.9937936,1395,1809,1859,2309
102,0000001560.jpg,10002,0.9935813,2109,1721,2447,2056
103,0000001560.jpg,10002,0.92263293,2663,1780,3014,2127
104,0000001560.jpg,10002,0.9957014,3164,1852,3661,2337
105,0000001560.jpg,10002,0.9961212,3882,1858,4423,2356
106,0000001560.jpg,10002,0.996908,4598,1851,5107,2376
107,0000001560.jpg,10002,0.97981536,882,2723,1290,3215
108,0000001560.jpg,10002,0.99365133,1461,2724,1922,3197
109,0000001560.jpg,10002,0.9961294,2053,2811,2516,3273
110,0000001560.jpg,10002,0.9860454,2603,2832,3078,3310
111,0000001560.jpg,10002,0.9952266,3261,2818,3750,3334
112,0000001560.jpg,10002,0.98690635,3923,2864,4247,3142
113,0000001560.jpg,10002,0.9945815,4492,2880,5030,3375
114,0000001544.jpg,10002,0.99800164,178,975,768,1610
115,0000001544.jpg,10002,0.9982527,485,2771,1089,3407
116,0000001544.jpg,10002,0.9981755,895,897,1845,1846
117,0000001544.jpg,10002,0.9987212,1445,2719,2361,3668
118,0000001544.jpg,10002,0.9982311,2180,921,2815,1567
119,0000001544.jpg,10002,0.99904746,2680,2877,3557,3757
120,0000001544.jpg,10002,0.9972063,3296,1058,3897,1680
121,0000001544.jpg,10002,0.99890745,3918,2601,4549,3259
122,0000001544.jpg,10002,0.999161,4160,1021,5107,1983
123,0000001568.jpg,10002,0.9986823,70,2619,815,3327
124,0000001568.jpg,10002,0.99856097,689,939,1524,1800
125,0000001568.jpg,10002,0.99794084,1099,2598,1812,3353
126,0000001568.jpg,10002,0.9986645,1738,870,2574,1753
127,0000001568.jpg,10002,0.99865806,2084,2598,2848,3330
128,0000001568.jpg,10002,0.99738926,2823,1065,3393,1661
129,0000001568.jpg,10002,0.9943032,3030,2565,3501,3055
130,0000001568.jpg,10002,0.99861157,3826,866,4684,1740
131,0000001568.jpg,10002,0.9972579,3857,2623,4376,3115
132,0000001539.jpg,10002,0.99810517,45,621,851,1472
133,0000001539.jpg,10002,0.99808747,141,2299,694,2896
134,0000001539.jpg,10002,0.9963955,1041,2427,1581,3009
135,0000001539.jpg,10002,0.99838626,1073,549,1849,1361
136,0000001539.jpg,10002,0.99884003,1951,2474,2720,3238
137,0000001539.jpg,10002,0.9972274,2043,667,2833,1479
138,0000001539.jpg,10002,0.997445,3298,655,3854,1211
139,0000001539.jpg,10002,0.9988047,3933,2459,4681,3187
140,0000001539.jpg,10002,0.9987373,4112,566,4946,1459
141,0000001539.jpg,10002,0.996525,2998,2480,3512,3008
142,0000001555.jpg,10002,0.99790823,42,1010,585,1504
143,0000001555.jpg,10002,0.99867225,368,2565,1058,3194
144,0000001555.jpg,10002,0.9981793,879,952,1575,1689
145,0000001555.jpg,10002,0.9979469,1269,2548,1897,3144
146,0000001555.jpg,10002,0.9985807,1869,890,2576,1628
147,0000001555.jpg,10002,0.99815327,2215,2540,2831,3161
148,0000001555.jpg,10002,0.99808085,2887,830,3369,1381
149,0000001555.jpg,10002,0.99863654,3794,893,4470,1587
150,0000001555.jpg,10002,0.99761045,3878,2540,4334,2919
151,0000001555.jpg,10002,0.99629813,3132,2567,3571,2954
152,0000001552.jpg,10002,0.9045227,959,1574,1175,1759
153,0000001552.jpg,10002,0.88156337,1146,1551,1393,1802
154,0000001552.jpg,10002,0.9458041,1488,1590,1680,1743
155,0000001552.jpg,10002,0.6708142,2283,1587,2481,1792
156,0000001552.jpg,10002,0.9339245,2411,1559,2652,1742
157,0000001552.jpg,10002,0.9435395,2612,1566,2795,1730
158,0000001552.jpg,10002,0.92380893,3042,1586,3243,1757
159,0000001552.jpg,10002,0.8154961,3236,1585,3508,1841
160,0000001552.jpg,10002,0.59246194,1128,2067,1425,2309
161,0000001552.jpg,10002,0.9602992,1344,2076,1589,2332
162,0000001552.jpg,10002,0.9124254,1612,1600,1778,1735
163,0000001552.jpg,10002,0.9799672,1802,1607,1965,1755
164,0000001552.jpg,10002,0.8990363,1888,1598,2071,1786
165,0000001552.jpg,10002,0.8781613,2064,1619,2267,1808
166,0000001552.jpg,10002,0.6412576,2955,1593,3112,1747
167,0000001552.jpg,10002,0.92439383,1046,2094,1233,2274
168,0000001552.jpg,10002,0.8620037,1720,2113,1957,2312
169,0000001552.jpg,10002,0.94558877,2645,2087,2894,2310
170,0000001552.jpg,10002,0.5748179,2875,2091,3098,2269
171,0000001552.jpg,10002,0.9465978,3005,2100,3213,2284
172,0000001552.jpg,10002,0.98696613,3284,2575,3551,2787
173,0000001549.jpg,10002,0.99834466,37,634,845,1502
174,0000001549.jpg,10002,0.9980567,119,2334,664,2931
175,0000001549.jpg,10002,0.99684805,1012,2457,1569,3018
176,0000001549.jpg,10002,0.99844307,1072,568,1849,1404
177,0000001549.jpg,10002,0.997154,2033,713,2819,1517
178,0000001549.jpg,10002,0.99656844,2986,2506,3504,3064
179,0000001549.jpg,10002,0.9977496,3287,694,3845,1256
180,0000001549.jpg,10002,0.99908113,3907,2504,4674,3220
181,0000001549.jpg,10002,0.99874985,4110,617,4945,1491
182,0000001549.jpg,10002,0.9989624,1933,2513,2710,3279
183,0000001667.jpg,10002,0.9962871,199,966,785,1610
184,0000001667.jpg,10002,0.99840266,501,2760,1116,3400
185,0000001667.jpg,10002,0.99798787,908,889,1861,1841
186,0000001667.jpg,10002,0.99850523,1456,2725,2394,3640
187,0000001667.jpg,10002,0.99814796,2207,918,2833,1570
188,0000001667.jpg,10002,0.9988937,2690,2878,3621,3727
189,0000001667.jpg,10002,0.9980646,3315,1054,3930,1681
190,0000001667.jpg,10002,0.99871004,3941,2600,4574,3257
191,0000001667.jpg,10002,0.99856204,4168,1012,5153,1979
